0 0.0000000000e+00
1 0.0000000000e+00
2 2.2500000000e-08
3 1.0000000000e-08
4 5.6250000000e-09
5 3.6000000000e-09
6 2.5000000000e-09
7 1.8367346939e-09
8 1.4062500000e-09
9 1.1111111111e-09
10 9.0000000000e-10
11 7.4380165289e-10
12 6.2500000000e-10
13 5.3254437870e-10
14 4.5918367347e-10
15 4.0000000000e-10
16 3.5156250000e-10
17 3.1141868512e-10
18 2.7777777778e-10
19 2.4930747922e-10
20 2.2500000000e-10
21 2.0408163265e-10
22 1.8595041322e-10
23 1.7013232514e-10
24 1.5625000000e-10
25 1.4400000000e-10
26 1.3313609467e-10
27 1.2345679012e-10
28 1.1479591837e-10
29 1.0701545779e-10
30 1.0000000000e-10
31 9.3652445369e-11
32 8.7890625000e-11
33 8.2644628099e-11
34 7.7854671280e-11
35 7.3469387755e-11
36 6.9444444444e-11
37 6.5741417093e-11
38 6.2326869806e-11
39 5.9171597633e-11
40 5.6250000000e-11
41 5.3539559786e-11
42 5.1020408163e-11
43 4.8674959438e-11
44 4.6487603306e-11
45 4.4444444444e-11
46 4.2533081285e-11
47 4.0742417383e-11
48 3.9062500000e-11
49 3.7484381508e-11
50 3.6000000000e-11
51 3.4602076125e-11
52 3.3284023669e-11
53 3.2039871841e-11
54 3.0864197531e-11
55 2.9752066116e-11
56 2.8698979592e-11
57 2.7700831025e-11
58 2.6753864447e-11
59 2.5854639471e-11
60 2.5000000000e-11
61 2.4187046493e-11
62 2.3413111342e-11
63 2.2675736961e-11
64 2.1972656250e-11
65 2.1301775148e-11
66 2.0661157025e-11
67 2.0049008688e-11
68 1.9463667820e-11
69 1.8903591682e-11
70 1.8367346939e-11
71 1.7853600476e-11
72 1.7361111111e-11
73 1.6888722087e-11
74 1.6435354273e-11
75 1.6000000000e-11
76 1.5581717452e-11
77 1.5179625569e-11
78 1.4792899408e-11
79 1.4420765903e-11
80 1.4062500000e-11
81 1.3717421125e-11
82 1.3384889946e-11
83 1.3064305414e-11
84 1.2755102041e-11
85 1.2456747405e-11
86 1.2168739859e-11
87 1.1890606421e-11
88 1.1621900826e-11
89 1.1362201742e-11
90 1.1111111111e-11
91 1.0868252626e-11
92 1.0633270321e-11
93 1.0405827263e-11
94 1.0185604346e-11
95 9.9722991690e-12
96 9.7656250000e-12
97 9.5653098098e-12
98 9.3710953769e-12
99 9.1827364555e-12
100 9.0000000000e-12
101 8.8226644447e-12
102 8.6505190311e-12
103 8.4833631822e-12
104 8.3210059172e-12
105 8.1632653061e-12
106 8.0099679601e-12
107 7.8609485545e-12
108 7.7160493827e-12
109 7.5751199394e-12
110 7.4380165289e-12
111 7.3046018992e-12
112 7.1747448980e-12
113 7.0483201504e-12
114 6.9252077562e-12
115 6.8052930057e-12
116 6.6884661118e-12
117 6.5746219592e-12
118 6.4636598679e-12
119 6.3554833698e-12
120 6.2500000000e-12
121 6.1471210983e-12
122 6.0467616232e-12
123 5.9488399762e-12
124 5.8532778356e-12
125 5.7600000000e-12
126 5.6689342404e-12
127 5.5800111600e-12
128 5.4931640625e-12
129 5.4083288264e-12
130 5.3254437870e-12
131 5.2444496241e-12
132 5.1652892562e-12
133 5.0879077393e-12
134 5.0122521720e-12
135 4.9382716049e-12
136 4.8659169550e-12
137 4.7951409239e-12
138 4.7258979206e-12
139 4.6581439884e-12
140 4.5918367347e-12
141 4.5269352648e-12
142 4.4634001190e-12
143 4.4011932124e-12
144 4.3402777778e-12
145 4.2806183115e-12
146 4.2221805217e-12
147 4.1649312786e-12
148 4.1088385683e-12
149 4.0538714472e-12
150 4.0000000000e-12
