0 0.0000000000e+00
1 0.0000000000e+00
2 1.0706924906e+03
3 5.0702710255e+02
4 2.8790718550e+02
5 1.8383908328e+02
6 1.2737432193e+02
7 9.3659173328e+01
8 7.1976225965e+01
9 5.7258710064e+01
10 4.6807153792e+01
11 3.9091357844e+01
12 3.3280303043e+01
13 2.8746242181e+01
14 2.5139373954e+01
15 2.2197671218e+01
16 1.9807037738e+01
17 1.7838491880e+01
18 1.6179762626e+01
19 1.4781493814e+01
20 1.3568810385e+01
21 1.2518735767e+01
22 1.1603588382e+01
23 1.0796651225e+01
24 1.0084449803e+01
25 9.4538623788e+00
26 8.8884508376e+00
27 8.3826487380e+00
28 7.9269800572e+00
29 7.5143224983e+00
30 7.1405968248e+00
31 6.7971656546e+00
32 6.4854434954e+00
33 6.1987308150e+00
34 5.9342131092e+00
35 5.6924234462e+00
36 5.4665902026e+00
37 5.2575870003e+00
38 5.0642078023e+00
39 4.8845154757e+00
40 4.7168993688e+00
41 4.5599413431e+00
42 4.4127224123e+00
43 4.2744552137e+00
44 4.1445512003e+00
45 4.0225173822e+00
46 3.9076129270e+00
47 3.7992227007e+00
48 3.6967714665e+00
49 3.5997822143e+00
50 3.5079895347e+00
51 3.4211527118e+00
52 3.3387898692e+00
53 3.2604287604e+00
54 3.1857577476e+00
55 3.1145244183e+00
56 3.0467267828e+00
57 2.9823310453e+00
58 2.9210320536e+00
59 2.8624746909e+00
60 2.8064550192e+00
61 2.7528324235e+00
62 2.7014741707e+00
63 2.6522767068e+00
64 2.6051202409e+00
65 2.5599260867e+00
66 2.5166359933e+00
67 2.4751143647e+00
68 2.4352122918e+00
69 2.3967838192e+00
70 2.3597143018e+00
71 2.3239081416e+00
72 2.2894394540e+00
73 2.2563721404e+00
74 2.2246426551e+00
75 2.1941830007e+00
76 2.1648795166e+00
77 2.1365416539e+00
78 2.1091075035e+00
79 2.0825785955e+00
80 2.0569330293e+00
81 2.0321520616e+00
82 2.0082069863e+00
83 1.9850394030e+00
84 1.9626146187e+00
85 1.9408935123e+00
86 1.9198427998e+00
87 1.8994079386e+00
88 1.8795475001e+00
89 1.8602461311e+00
90 1.8414832953e+00
91 1.8232447693e+00
92 1.8055103550e+00
93 1.7882712960e+00
94 1.7715032244e+00
95 1.7551985127e+00
96 1.7393345270e+00
97 1.7238948144e+00
98 1.7088685244e+00
99 1.6942263099e+00
100 1.6799637702e+00
101 1.6660628172e+00
102 1.6525107826e+00
103 1.6392868594e+00
104 1.6263799955e+00
105 1.6137754302e+00
106 1.6014591751e+00
107 1.5894179670e+00
108 1.5776352601e+00
109 1.5661071167e+00
110 1.5548181622e+00
111 1.5437575431e+00
112 1.5329182969e+00
113 1.5222900298e+00
114 1.5118628667e+00
115 1.5016274213e+00
116 1.4915782072e+00
117 1.4817065589e+00
118 1.4720009064e+00
119 1.4624568336e+00
120 1.4530668593e+00
121 1.4438238559e+00
122 1.4347179191e+00
123 1.4257457820e+00
124 1.4169012619e+00
125 1.4081754964e+00
126 1.3995659112e+00
127 1.3910642554e+00
128 1.3826655239e+00
129 1.3743677178e+00
130 1.3661633986e+00
131 1.3580455866e+00
132 1.3500159647e+00
133 1.3420656575e+00
134 1.3341939902e+00
135 1.3263951846e+00
136 1.3186687530e+00
137 1.3110092460e+00
138 1.3034139103e+00
139 1.2958777050e+00
140 1.2884029253e+00
141 1.2809823730e+00
142 1.2736138103e+00
143 1.2662973560e+00
144 1.2590263848e+00
145 1.2518012178e+00
146 1.2446134340e+00
147 1.2374614788e+00
148 1.2303417452e+00
149 1.2232508014e+00
150 1.2161853831e+00
